th1 = 10.313000
th2 = 25.783001
x1 = 177.091995
y1 = 32.224571
xt = 282.136047
yt = 108.812752
